1111111111111111111111111111111111111111111111111101010000000000
1111111111111111111111111111111111111111111111110011000100000100
1111111111111111111111111111111111111111111111000000000110011100
1111111111111111111111111111111111111111111110000111000100001100
1111111111111111111111111111111111111111111110001111110101000000
1111111111111111111111111111111111111111111111111101110000000000
1111111111111111111111111111111111111111111111111000110001110000
1111111111111111111111111111111111111111111111111100111110110000
1111111111111111111111111111111111111111111111111100111111001100
1111111111111111111111111111111111111111111111111111111011100000
1111111111111111111111111111111111111111111111111111111110000011
1111111111111111111111111111111111111111111111111111111110000001
1111111111111111111111111111111111111111111111111111111111100111
1111111111111111111111111111111111111111111111111111111111111111
1111111111111111111111111111111111111111111111111111111111111111
1111111111111111111111111111111111111111111111111111111111111111
1111111111111111111111111111111111111111111111111111111111111111
1111111111111111111111111111111111111111111111111111111111111111
1111111111111111111111111111111111111111111111111111111111111111
1111111111111111111111111111111111111111111111111111111111111111
1111111111111111111111111111111111111111111111111111111111111111
1111101111111111111111111111111111111111111111111111111111111111
1111001111111111111111111111111111111111111111111111111111111111
1111111111111111111111111111111111111111111111111111111111111111
1111111111111111111111111111011111111111111111111111111111111111
1111111111111111111111111111111111111111111111111111111111111111
1111111111111111111111110111111111111111111111111111111111111111
1111111111111111111111110110111111111111111111111111111111111111
1111111111111111111111111110111111111111111111111111111111111111
1111111111111111111111111111111111111011111111111111111111111111
1111111111111111111111111111100111110111111111111111111111111111
1111111111111111111111011111001111111111111111111111111111111100
1111111111111111111111011111101111111111111111111111111111111101
1111111111111111111111011111100011111111111111111111111111101011
0111111111111111111111111111100111111101111111111111111111110111
0000011111111111111111001111101111111111111111111111111111111111
0000011111111111111111011111111111110001111111111111111111111111
0000011111111111111111101111111111000011111111111111111111111111
0000011111111111111111100001111110111111111111111111111111111111
0000001111111111111111100000000000111111111111111111111111111111
0011111111111111111111110000000000000000111111111111111111111111
0011111111111111111111110000000000000001111111111111111111111111
0011111111111111111111111100000000111001111111111111111111011111
0000111111111111111111111100111101110111111111111111111111001111
0000000111111111111111111100111111101111111111111111111110000000
0000000111111111111111111111111111111111111111111111111110000000
0000000011111111111111111111000101111111111111111111111111111110
0000000011111111111111111111100000111111111111111111111111111111
0010000001111111111111111111100111111111111111111111111100111111
0111011001111111111111111111111111111111111111111111111111111100
0111111000111111111111111111110001111111111111111111111111111111
0111111000111111111111111111111000111111111111111111111100011110
0111111000011111111111111111111110111111111111111111111111101110
0000000000001111111111111111111111011111111111111111011011101010
0000000000000111111111111111111111011111111111111111000011100000
0000000000000011111111111111100001111111111111111100000001100000
0000000000000011111111111111000000011111111111111100000000000000
0000000000000001111111111110000000011111111111111000000000000000
0000000000000000011111111100000000000111111111110000000000000000
1111110000000000000111100000000000000000110111000010000000000001
1011110000000000000010000000001111000000000110000011110000111000
1111110000000000000010000000001111000000000000000011110000011000
1111110000000000000010000000001111100000000000000001110000011000
1111110000000000000010000000001111100000000000000001110000011000
