0000000000000000000000000000000000000000000000000000000000000000000001
0000000000000000000000000000000000000000000000000000000000000000000001
0000000000000000000000000000000000000000000000000000000000000000000010
0000000000000000000000000000000000000000000000000000000000000000000011
0000000000000000000000000000000000000000000000000000000000000000000101
0000000000000000000000000000000000000000000000000000000000000000001000
0000000000000000000000000000000000000000000000000000000000000000001101
0000000000000000000000000000000000000000000000000000000000000000010101
0000000000000000000000000000000000000000000000000000000000000000100010
0000000000000000000000000000000000000000000000000000000000000000110111
0000000000000000000000000000000000000000000000000000000000000001011001
0000000000000000000000000000000000000000000000000000000000000010010000
0000000000000000000000000000000000000000000000000000000000000011101001
0000000000000000000000000000000000000000000000000000000000000101111001
0000000000000000000000000000000000000000000000000000000000001001100010
0000000000000000000000000000000000000000000000000000000000001111011011
0000000000000000000000000000000000000000000000000000000000011000111101
0000000000000000000000000000000000000000000000000000000000101000011000
0000000000000000000000000000000000000000000000000000000001000001010101
0000000000000000000000000000000000000000000000000000000001101001101101
0000000000000000000000000000000000000000000000000000000010101011000010
0000000000000000000000000000000000000000000000000000000100010100101111
0000000000000000000000000000000000000000000000000000000110111111110001
0000000000000000000000000000000000000000000000000000001011010100100000
0000000000000000000000000000000000000000000000000000010010010100010001
0000000000000000000000000000000000000000000000000000011101101000110001
0000000000000000000000000000000000000000000000000000101111111101000010
0000000000000000000000000000000000000000000000000001001101100101110011
0000000000000000000000000000000000000000000000000001111101100010110101
0000000000000000000000000000000000000000000000000011001011001000101000
0000000000000000000000000000000000000000000000000101001000101011011101
0000000000000000000000000000000000000000000000001000010011110100000101
0000000000000000000000000000000000000000000000001101011100011111100010
0000000000000000000000000000000000000000000000010101110000010011100111
0000000000000000000000000000000000000000000000100011001100110011001001
0000000000000000000000000000000000000000000000111000111101000110110000
0000000000000000000000000000000000000000000001011100001001111001111001
0000000000000000000000000000000000000000000010010101000111000000101001
0000000000000000000000000000000000000000000011110001010000111010100010
0000000000000000000000000000000000000000000110000110010111111011001011
0000000000000000000000000000000000000000001001110111101000110101101101
0000000000000000000000000000000000000000001111111110000000110000111000
0000000000000000000000000000000000000000011001110101101001100110100101
0000000000000000000000000000000000000000101001110011101010010111011101
0000000000000000000000000000000000000001000011101001010011111110000010
0000000000000000000000000000000000000001101101011100111110010101011111
0000000000000000000000000000000000000010110001000110010010010011100001
0000000000000000000000000000000000000100011110100011010000101001000000
0000000000000000000000000000000000000111001111101001100010111100100001
0000000000000000000000000000000000001011101110001100110011100101100001
0000000000000000000000000000000000010010111101110110010110100010000010
0000000000000000000000000000000000011110101100000011001010000111100011
0000000000000000000000000000000000110001101001111001100000101001100101
0000000000000000000000000000000001010000010101111100101010110001001000
0000000000000000000000000000000010000001111111110110001011011010101101
0000000000000000000000000000000011010010010101110010110110001011110101
0000000000000000000000000000000101010100010101101001000001100110100010
0000000000000000000000000000001000100110101011011011110111110010010111
0000000000000000000000000000001101111011000001000100111001011000111001
0000000000000000000000000000010110100001101100100000110001001011010000
0000000000000000000000000000100100011100101101100101101010100100001001
0000000000000000000000000000111010111110011010000110011011101111011001
0000000000000000000000000001011111011011000111101100000110010011100010
0000000000000000000000000010011010011001100001110010100010000010111011
0000000000000000000000000011111001110100101001011110101000010110011101
0000000000000000000000000110010100001110001011010001001010011001011000
0000000000000000000000001010001110000010110100101111110010101111110101
0000000000000000000000010000100010010001000000000000111101001001001101
0000000000000000000000011010110000010011110100110000101111111001000010
0000000000000000000000101011010010100100110100110001101101000010001111
0000000000000000000001000110000010111000101001100010011100111011010001
0000000000000000000001110001010101011101011110010100001001111101100000
0000000000000000000010110111011000010110000111110110100110111000110001
0000000000000000000100101000101101110011100110001010110000110110010001
0000000000000000000111100000000110001001101110000001010111101111000010
0000000000000000001100001000110011111101010100001100001000100101010011
0000000000000000010011101000111010000111000010001101100000010100010101
0000000000000000011111110001101110000100010110011001101000111001101000
0000000000000000110011011010101000001011011000100111001001001101111101
0000000000000001010011001100010110001111101111000000110010000111100101
0000000000000010000110100110111110011011000111100111111011010101100010
0000000000000011011001110011010100101010110110101000101101011101000111
0000000000000101100000011010010011000101111110010000101000110010101001
0000000000001000111010001101100111110000110100111001010110001111110000
0000000000001110011010100111111010110110110011001001111111000010011001
0000000000010111010100110101100010100111101000000011010101010010001001
0000000000100101101111011101011101011110011011001101010100010100100010
0000000000111101000100010011000000000110000011010000101001100110101011
0000000001100010110011110000011101100100011110011101111101111011001101
0000000010011111111000000011011101101010100001101110100111100001111000
0000000100000010101011110011111011001111000000001100100101011101000101
0000000110100010100011110111011000111001100001111011001100111110111101
0000001010100101001111101011010100001000100010000111110010011100000010
0000010001000111110011100010101101000010000100000010111111011010111111
0000011011101101000011001110000001001010100110001010110001110111000001
0000101100110100110110110000101110001100101010001101110001010010000000
0001001000100001111001111110101111010111010000011000100011001001000001
0001110101010110110000101111011101100011111010100110010100011011000001
0010111101111000101010101110001100111011001010111110110111100100000010
0100110011001111011011011101101010011111000101100101001011111111000011
0111110001001000000110001011110111011010010000100100000011100011000101
1100100100010111100001101001100001111001010110001001001111100010001000