0000000000000000000000000000000000000000000000000000000000000000
0000000000000000000000000000000000000000000000000000000000000000
0000000000000000000000000000000000000000000000000000000000000000
0000000000000000000000000000000000000000000000000000000000000000
0000000000000000000000000000000000000000000000000000000000000000
0000000000000000000000000000000000000000000000000000000000000000
0000000000000000000000000000000000000000000000000000000000000000
0000000000000000000000000000000000000000000000000000000000000000
0000000000000000000000000000000000000000000000000000000000000000
0000000000000000000000000000000000000000000000000000000000000000
0000000000000000000000000000000000000000000000000000000000000000
0000000000000000000000000000000000000000000000000000000000000000
0000000000000000000000000000000000000000000000000000000000000000
0000000000000000000000000000000000000000000000000000000000000000
0000000000000000000000000000000000000000000000000000000000000000
0000000000000000000000000000000000000000000000000000000000000000
0000000000000000000000000000011111110000000000000000000000000000
0000000000000000000000000000011111110000000000000000000000000000
0000000000000000000000000000011111110000000000000000000000000000
0000000000000000000000000000011111110000000000000000000000000000
0000000000000000000000000000011111110000000000000000000000000000
0000000000000000000000000000011111110000000000000000000000000000
0000000000000000000000000000000010000000000000000000000000000000
0000000000000000000000111111111111111111111000000000000000000000
0000000000000000000000111111111111111111111000000000000000000000
0000000000000000000011111111111111111111111110000000000000000000
0000000000000000000111111111111111111111111111000000000000000000
0000000000000000011111111111111000111111111111110000000000000000
0000000000000000111111111111110000011111111111111000000000000000
0000000000000001111111111111000000000011111111111100000000000000
0000000000000011111111111110000000000001111111111110000000000000
0000000000000011111111111100000000000000111111111110000000000000
0000000000000111111111110000000000000000011111111111000000000000
0000000000000111111111110000000000000000011111111111000000000000
0000000000000111111111110000000000000000011111111111000000000000
0000000000000111111111110000000000000000011111111111000000000000
0000000000001111111111110000001111000000011111111111100000000000
0000000000000111111111110000011111110000011111111111000000000000
0000000000000111111111110000111111111000011111111111000000000000
0000000000000111111111110001111111111100011111111111000000000000
0000000000000111111111110011111111111110011111111111000000000000
0000000000000011111111111111111111111111111111111110000000000000
0000000000000011111111111111111111111111111111111110000000000000
0000000000000001111111111111111111111111111111111100000000000000
0000000000000000111111111111111111111111111111111000000000000000
0000000000000000011111111111111111111111111111110000000000000000
0000000000000000000111111111111111111111111111000000000000000000
0000000000000000000011111111111111111111111110000000000000000000
0000000000000000000000111111111111111111111000000000000000000000
0000000000000000000000000111111111111111000000000000000000000000
0000000000000000000000000000000010000000000000000000000000000000
0000000000000000000000000000000000000000000000000000000000000000
0000000000000000000000000000000000000000000000000000000000000000
0000000000000000000000000000000000000000000000000000000000000000
0000000000000000000000000000000000000000000000000000000000000000
0000000000000000000000000000000000000000000000000000000000000000
0000000000000000000000000000000000000000000000000000000000000000
0000000000000000000000000000000000000000000000000000000000000000
0000000000000000000000000000000000000000000000000000000000000000
0000000000000000000000000000000000000000000000000000000000000000
0000000000000000000000000000000000000000000000000000000000000000
0000000000000000000000000000000000000000000000000000000000000000
0000000000000000000000000000000000000000000000000000000000000000
